272480
72595
176174
277991
534468
106123
206280
331863
168909
24081
525668
512156
443410
121613
152060
213753
161719
24105
70744
94984
262954
459659
201261
429873
10138
297104
295693
518499
314420
213207
115619
438196
373461
516444
790
373060
153231
52183
93894
52516
392035
132196
450666
345400
117991
13230
66041
502197
563477
569272
411111
469914
314558
360306
129108
55575
69577
362293
176392
241728
529886
505552
444703
325555
435454
91541
32611
581061
514635
335184
528851
463290
154816
203269
54133
51985
518324
329239
421315
518649
211725
305959
56416
83174
221223
57361
510399
478532
566324
201607
66746
290750
6562
395198
379434
440329
571773
402623
313280
306511
4376
158362
82697
278921
561491
229583
336075
377594
134586
138618
22863
336576
341118
35964
449657
277089
374598
316912
186822
246875
262148
251723
264805
543547
128278
355629
24520
153036
433554
88225
155794
174019
230679
538580
378214
121824
537968
38380
89914
409628
427384
18839
71339
337262
185168
223146
12754
204272
3870
267516
493102
343570
347740
64800
123532
452912
209304
248091
512582
54039
284703
538006
428391
387977
83134
76607
373988
568265
216556
53677
407698
308372
509555
157049
94132
253964
550979
42683
524924
184485
532245
279024
56292
12681
372976
533961
514127
201899
306830
141879
267611
104788
400080
4259
453853
109819
437660
288283
339006
575837
299041
284770
74241
203085
456755
444033
183181
363349
282252
342639
392111
517399
213754
537631
421873
197638
575719
426259
498400
304158
96043
557721
407221
143653
304125
526571
239396
172597
427491
73016
102056
369533
565875
97514
132038
60539
99681
423310
272997
183456
333749
170525
136596
30353
400305
26782
186317
442723
345434
356344
400528
16706
414706
211716
335690
134378
377339
97010
47909
527022
294943
236282
75646
41887
478741
458057
455229
373577
354205
566765
324275
497281
313787
325390
393685
191188
298242
205848
53952
233223
373722
283203
427895
373255
434856
549534
517417
519942
394359
362591
469475
495680
275625
541327
487095
243896
56632
224692
61854
223157
555613
367310
287402
391774
494785
212741
386389
138821
412301
106786
332025
120697
458052
263651
322212
458082
194528
357814
379845
313315
363333
198447
559463
561168
236314
70927
121951
229356
84829
567562
304385
109357
70309
319260
104821
366679
539793
130473
484066
526371
298077
22816
166713
351577
21544
579602
242426
290113
84218
112769
23957
172690
91279
208945
356941
175263
498460
566690
503832
570856
318231
276017
400913
473762
430624
105547
134325
560753
244471
443224
271034
24061
369886
283263
182257
91743
163127
170729
532735
368980
545566
422661
9488
376667
402206
147568
45099
267691
340736
144937
307884
16273
180141
543661
323722
261843
334098
220037
324717
444794
177658
142386
254025
297363
225913
477005
1145
571799
362879
426390
515710
141860
515210
436539
219861
574769
146078
233319
435076
122263
387712
385326
263878
265253
316581
233871
324923
450864
108859
64196
531798
505152
312247
484273
398222
146215
483027
289329
91263
385744
214046
468917
198426
3915
230334
68430
69969
22275
84391
297868
580057
347300
416258
20908
128602
360870
289514
407685
268413
402802
39080
89052
108238
191551
478227
232279
170962
240950
510063
74603
77332
108375
436273
81845
141941
165742
322405
313341
445233
230265
283060
336479
283257
47570
568492
74638
240046
217268
419159
226442
547797
184684
467145
63866
125120
176587
576905
156910
433334
120747
554445
266601
239331
550702
222674
171536
185051
568880
130081
67936
236762
379508
127
549230
192039
470976
481355
570968
151328
373697
78509
458650
513574
39548
280761
57878
344629
54989
75842
450359
401400
21079
473320
386872
167028
46441
259228
547767
2466
458935
175480
104495
34212
144467
313071
291677
22953
320875
303626
314849
253883
159768
475668
9760
110672
253438
297639
124004
307564
341941
116588
53037
207196
88538
374628
302077
432417
85803
116268
93535
473516
82894
387678
206685
87363
184994
325505
236340
211112
137892
261175
68162
98029
32699
297414
334587
530384
83368
491408
407808
290153
121904
231450
357584
227061
136142
198108
553129
283816
105177
121612
288905
444010
446136
322394
504747
53793
308915
340511
548375
567161
579329
480532
344807
379777
44774
275197
431820
60360
256731
96107
210204
481391
38353
273470
86065
374661
475659
74577
451781
206492
67647
171936
93018
5345
551427
479729
260321
280490
337354
102625
100558
510552
562835
426445
226658
149184
496766
414772
380661
86435
311827
454203
223366
536575
113082
161941
327047
507952
274213
157105
530019
309005
39211
343422
232689
337902
297157
191717
224164
404592
494811
14004
508055
177090
399650
332836
569602
543882
279803
296385
378028
111933
267135
11332
4731
315294
546343
13576
511430
275339
293611
369259
100975
303076
73861
347113
412566
189376
129871
25860
54692
424044
254658
307238
415646
560422
477567
368402
333580
354059
552502
510820
302903
523818
427493
463739
569725
581205
435046
432125
51630
329386
258304
353435
249810
289871
61007
94052
397938
246927
435091
275811
346754
414684
219291
387429
53989
332540
422117
386854
293899
444390
507570
224112
209563
491098
347167
279561
441883
535820
324365
343498
507838
571764
549347
264033
196085
221717
441415
559247
42492
314074
577830
232167
21740
508568
33052
492040
313434
205108
356671
351473
511179
506172
458137
1947
232250
389256
156849
355685
100812
119909
220793
310606
479590
161367
542213
356280
158378
95185
70865
279138
157811
471245
21993
135676
53939
248478
487061
466519
152769
581198
560744
464150
539233
412101
87101
347328
519707
502749
526737
9012
289392
234470
557339
357561
333551
164899
389108
569255
282711
138075
214087
324103
382655
322321
422969
334220
52179
135822
462879
264712
491241
440562
468518
348838
519529
165757
550864
114316
119755
399841
185559
365284
569742
535506
5587
273716
353317
464585
489785
180869
312346
244665
384907
357926
153733
419271
196899
571038
488422
378905
110019
179720
41482
101510
406004
106836
374430
54334
45746
172874
241421
430643
228478
576222
180569
577377
176038
337662
282733
465922
363370
456969
135907
111705
438349
208868
45622
61599
51555
109281
515660
155937
300415
485247
93649
538640
54375
271620
243333
412755
348580
223216
121682
292719
451529
160201
543947
516046
377570
405674
168806
70987
379522
333555
554152
486576
326210
273677
191342
47074
153368
563652
512576
92661
392329
20935
483714
358334
128848
292792
272882
67116
29161
572179
91326
28797
99030
466664
233528
294716
4108
309840
471935
274352
418812
500152
578387
475316
537198
406509
102766
66301
297233
302511
216449
537866
34491
346930
457718
25746
547636
579240
71826
483699
115830
360170
212679
47882
143958
455720
97660
262093
264733
241645
60982
498156
326484
491888
262658
32068
477442
311933
217487
250344
37800
279265
485397
534467
544601
293524
102315
478410
94388
248919
169686
428576
207833
193271
302928
97023
146907
457668
523484
313164
146972
344498
211850
341132
385980
242605
137861
386694
133291
259060
280270
69914
457906
250079
476065
268067
231712
67537
69048
141251
425441
132310
34786
12661
259188
272647
225848
100817
277291
32739
296153
215213
367425
433296
547013
375450
172478
314757
315768
185614
181509
252751
150754
99539
441736
411603
138387
2083
111104
478805
352821
381305
278822
334920
167952
194208
239656
510320
9226
47361
32458
11198
308180
86907
237835
557081
198176
570951
194184
472143
371137
471113
308687
460652
133650
567224
494574
441900
182784
54294
68953
468162
48759
391823
207090
69256
39961
173019
45284
199962
526362
463284
534048
152041
478407
497873
67207
243825
206413
193547
318857
77689
257392
267022
49199
102655
405278
208132
147192
220372
21417
55695
68130
471558
502632
186933
456389
5105
443599
151864
356788
86745
332578
145845
515682
409374
350009
439084
31230
310338
74840
430345
506470
174633
410808
412720
451651
451412
341892
422279
554238
238982
335633
363922
521943
333748
554104
137150
178872
26747
227226
428746
200668
537924
276491
271542
316571
366576
303413
324006
578261
40515
374239
321209
441203
494236
258129
560879
189156
172246
72792
269103
4020
451154
131030
58741
518351
382979
200133
504101
326098
363549
533069
37953
72538
394840
404899
12757
397500
181176
79469
92746
367951
305978
175082
474858
141342
549501
275919
134893
214266
93853
237818
91797
538126
562875
356868
123282
330022
445249
283454
497819
349313
288450
401455
80808
334364
551389
90787
421978
551303
278763
503382
102432
219762
45844
493792
74166
237188
20966
1342
481654
26907
259489
417090
295656
480161
379612
360114
128972
216524
397325
163755
398051
184555
435807
104417
574792
524373
463201
426152
127612
457745
303926
155131
373063
575882
354921
399165
487644
316699
50409
116696
262514
266939
327695
118966
370827
447941
504298
337044
347055
542866
478304
130967
520879
186888
57362
310445
273863
34437
3865
215972
543719
73976
526534
415201
369249
131450
387948
236222
522930
574961
530899
517049
223194
36816
156302
258364
353790
435692
102278
330315
528213
176226
536752
67015
135117
356648
418325
47267
512479
537304
105728
158307
279203
471073
524962
395514
318763
494629
209856
580620
254081
296816
393656
391518
46676
289194
544483
171585
225717
443579
396481
312020
277218
383090
450173
462813
460673
574549
251577
5356
510676
275558
36732
364256
203926
154955
363987
389384
462501
150208
227948
417742
145179
524946
427344
533596
180964
505858
551701
427449
521981
324872
540723
400603
573762
32578
246932
324200
152954
526713
187177
109766
475763
369358
212532
195484
536923
436979
228098
488632
453697
458361
151546
16458
327418
280955
365282
432138
151646
325374
28157
23355
509442
43753
244132
279012
517160
232357
341620
405145
487854
310331
515056
345973
9002
523400
538242
529670
16327
373580
434370
3983
524044
245582
223932
179479
73197
572081
347111
213527
104234
60179
561324
417203
121731
347217
465223
401291
448843
430889
507196
110794
22149
327807
518844
498204
398803
371058
439938
368541
95867
351968
379732
434358
319521
574420
151959
9999
561589
344271
30100
312454
92366
280980
414320
549928
24436
142767
3236
497438
103929
402514
64121
414284
230727
464854
482451
330909
300876
332124
99067
396385
205202
7274
350468
168173
505626
10881
77195
103383
41272
540211
136200
332158
129897
396172
159081
395445
267216
468258
521899
316671
190372
281051
112459
14635
114392
243327
574076
551336
101248
88540
259655
332065
541837
199881
154590
22612
97330
289075
391747
558372
4065
441544
4578
564715
102004
556617
467516
163710
61478
249287
294730
471686
31621
480000
20177
26833
426500
537774
346947
209468
335332
381458
355440
184589
329957
332204
566798
482242
392878
395225
313798
328462
125321
352495
421884
476125
115700
47481
191669
36091
462712
103435
524656
174896
16383
331541
117016
118378
199688
572180
519558
164121
223500
2429
107516
389624
486936
527578
57673
422452
541712
224396
9113
300324
428152
82122
91267
253992
137475
115156
313705
433900
476191
487159
332015
138501
457843
469859
8114
571157
570522
489191
357750
289497
346774
62743
140028
114519
358921
19637
500982
512308
423796
471647
199634
106392
526165
387696
267048
333095
92380
216899
490555
60172
48863
276127
553736
55237
158794
511930
497444
113700
559550
420971
295263
535770
453755
228329
158497
104747
464271
505700
181475
39588
492769
88436
334596
301991
24939
536654
180718
523212
443772
212787
477943
370802
30347
9095
382724
181591
460575
487775
211186
37039
220942
250955
515850
110034
44266
141988
193659
52844
53929
487990
2585
117428
62608
196619
21750
560691
17877
220531
454477
274267
289260
265010
112065
524227
375099
462477
189241
572233
165542
80931
299154
242982
121046
237337
535569
54013
188239
364032
176113
5028
407173
506283
544968
345047
505309
293249
64492
457168
54492
320957
139994
580827
279149
69340
173434
222572
299544
80065
387725
309405
400818
86848
169646
340594
215844
297876
281557
310865
317764
406298
382559
280765
473631
235486
198635
554392
542431
145199
255399
229035
165686
187001
231868
495875
486114
504896
370383
328792
271117
200680
432510
240434
166853
53410
52270
433607
520479
187724
525202
321865
115519
532286
35532
94127
531697
204448
192079
404395
330954
259951
203975
267661
516439
160940
117349
64659
473771
262359
225603
539439
536972
85046
480683
353982
557589
231062
226559
293679
123445
452502
471952
27285
12398
490723
251219
425758
445395
65358
523412
150117
527375
536058
243021
42921
54304
252198
451003
294283
382924
572352
320703
286322
93435
551288
267408
223270
369782
564451
65329
509870
403358
6608
350280
247839
125311
283059
341399
447678
91527
304519
257102
248052
31434
545891
233703
38963
457986
48680
389644
107969
512140
526414
373880
277795
198436
9527
543732
191068
421488
360535
178403
23134
489700
81200
578375
34795
50885
273086
156628
466137
313129
412464
208566
514773
49860
336892
574069
187518
307249
397687
479358
53183
187054
375331
394572
156073
52433
93644
541491
533451
461715
332463
54803
578523
177289
518321
269434
476080
227769
360328
514243
375180
44569
182362
265648
419324
120535
562014
389292
279122
503598
147753
33297
378440
29931
409739
513406
310070
564612
238502
285821
568113
435716
96566
290076
503472
122216
464537
110797
256190
416705
412491
146961
200116
191225
147042
240813
266496
407734
147545
445397
156939
201738
12044
525218
378962
72096
423116
341455
561406
301649
391132
33057
228514
549166
70459
128299
365659
288906
104817
461267
317022
67833
407482
332861
55385
164
71023
312032
77005
500515
424560
278060
198492
84183
415218
244792
96222
554066
292169
512869
396372
554518
400417
282466
373476
493428
299974
233526
88759
445565
445338
227326
430166
78260
510657
227040
31188
108111
573132
202260
181655
228953
47837
409708
243580
481954
202906
522782
435929
88950
129765
221390
411238
470364
244646
43971
247976
196226
269566
331386
256180
567636
283118
107233
133634
324032
403547
355425
363719
483001
450478
318701
329623
366925
457383
394460
355638
353893
129037
319057
505862
350960
237922
523199
335855
120145
117178
20421
80305
537379
402109
310665
104365
39138
225792
125746
461657
143277
548962
270376
364139
546832
151893
537689
369777
554434
191439
54464
74959
268313
98560
230931
63556
202225
115018
261800
24714
557746
295154
242510
141017
213215
271447
550000
449835
559039
299273
57663
356290
187878
60678
290201
178671
529850
440752
194851
78578
291370
44950
274509
419145
233916
258243
219690
546333
488792
98564
422063
117089
43344
184377
578137
361391
403270
120099
516344
520361
231019
210471
6293
301916
187442
426776
293974
184052
529667
40414
128334
360274
427547
563746
36841
370207
560222
151848
459319
298071
363581
549635
208955
358103
337780
442356
1319
333440
45089
497494
60622
158451
418894
438701
341645
136310
404236
203304
254134
345225
90237
430405
495233
495445
7524
341409
423892
572879
536806
526769
179415
139712
194313
513080
517403
167623
127581
258478
228398
113408
244122
371854
569543
78060
195180
90744
287041
318476
349787
445603
99546
569535
145718
145690
464766
349101
388940
161762
246298
72902
431024
399899
516911
186717
483976
282618
35211
20087
105885
231240
378558
62844
178034
12240
578776
481627
386304
541202
388348
171139
332243
309573
398287
472772
139970
345009
443192
146503
427221
259877
569775
359620
481807
352063
210097
383154
274690
179968
208024
336563
519218
237281
364067
91948
66789
416960
172196
16796
31587
508722
214604
464443
505962
379605
475443
569723
563871
393984
143217
190863
279824
479712
104494
552646
360611
444404
11091
556363
218116
267348
382706
10643
480295
201236
432216
548296
254775
3716
65195
295537
44432
284233
473879
278101
419627
371513
444343
26310
218482
412868
499004
99592
366139
302206
570775
307794
323249
463414
288941
30526
518968
342322
434270
257336
195598
108826
168845
116289
199225
104510
468137
535100
177572
514049
91858
322698
22689
342787
569706
436722
549063
474607
336107
221609
228074
38532
17420
549115
24215
389935
541870
145748
166060
484175
12735
179727
388947
430739
470955
340529
81605
337552
417547
179024
502232
111347
31106
63565
1232
477579
348467
31569
305647
113590
243153
306440
304866
208022
68159
511407
52983
488862
447741
194440
578651
561864
161603
433305
440057
20136
457011
183379
507875
105960
394172
61598
132669
501540
339022
577669
71749
86560
28540
416149
157804
447740
79603
304919
393086
574461
145528
332627
294229
15918
186497
62390
267594
416308
577083
136896
450598
82879
428445
545250
494599
523527
43625
543836
350619
387928
129511
284012
52631
407590
552318
571610
562664
140992
418563
259443
357117
220307
79070
127863
502818
523346
364567
466882
62246
132568
219841
60769
343506
154584
321491
10581
48340
554524
297645
517947
529427
278203
554015
482236
2703
138100
38709
478320
474437
147829
340108
433279
528411
444800
116088
374210
513795
532775
98554
292102
118837
471946
402283
177809
362778
519136
176906
415174
153639
160858
117095
532003
501281
218037
182118
72189
308506
2890
180335
408449
345456
273200
2842
371330
152499
296782
295574
266153
263418
464695
535106
99135
359909
210883
262006
37244
72095
144252
531018
436456
553912
321706
271633
201628
87871
392391
443784
203112
246876
565612
450026
329766
262786
238258
213117
82740
164205
493932
402228
180987
399392
214924
80369
533800
374575
101090
443084
538163
367142
334746
417834
100386
281665
53608
449414
399636
273855
348857
487796
69837
213809
227204
507749
45854
44054
289147
439576
212963
181828
491346
156802
576225
277857
351796
500778
218855
476925
55398
296360
128608
415150
153300
278258
321332
164290
171270
437620
304759
468306
193931
182997
479950
354290
279491
465556
297273
553548
473261
212321
34757
334940
26913
424108
387645
335065
451468
564099
62648
218809
107922
502581
379820
355430
201727
299085
569919
239596
201145
58102
300403
206784
393375
580542
128254
271930
374672
54358
494580
90961
333998
14713
566583
514781
304047
15219
247234
513532
155105
117784
561783
496097
126389
483305
530832
76518
92840
120792
348480
543194
392030
479707
274632
243019
19544
54083
272228
173464
265879
578369
571654
116049
264032
533568
422785
549003
570938
478845
422161
330112
376047
141163
471816
260655
445573
510827
247269
504030
506673
429366
291597
379034
161386
279777
516774
363190
34445
466580
579648
2752
213530
203661
174336
208649
280857
274109
474383
365123
175593
293703
420747
485731
529102
220250
535289
92998
352252
443259
280819
352651
310501
551169
199422
141040
169872
344932
544299
341834
42320
353792
550552
3259
535312
39698
83462
244844
128581
181223
146186
121661
394623
578107
411321
438497
173228
526057
134128
86861
508821
409063
36561
533045
197525
33733
10870
92696
372121
310360
225566
478778
279073
381296
135250
264241
97667
57500
186405
309060
532397
505728
111341
490871
478537
140284
9253
327572
156891
336942
313015
513466
160259
355918
412878
370162
337068
355603
503557
268548
246718
160104
77697
412853
215244
141946
422336
130624
207236
517755
524645
118344
226517
222908
79313
303431
452806
219558
421560
332913
246852
480908
467411
80311
436564
381314
36567
526555
336171
180169
307061
507154
236961
512872
292912
549330
322592
120274
514295
65979
568369
86654
520349
357604
289662
501966
242203
99222
290724
485933
156301
219624
511279
192858
456936
71754
164348
451513
557174
243482
6720
312671
313951
130534
545160
172342
325936
451727
121989
192798
382278
377019
183247
444565
236243
242138
129912
349931
310193
455322
59910
369443
54532
180578
233642
161510
260748
290698
214704
154379
103863
481851
189148
546944
572949
15374
437412
516261
448275
118794
40497
180606
206400
231987
13283
88988
190087
462709
15180
182245
409740
124279
90488
486415
575307
287488
484336
564729
577128
274559
568202
449904
157539
80756
410576
166254
474004
303703
336489
429261
549725
40398
474637
58403
498489
480576
151830
24849
490400
519598
425114
416767
121748
98350
253955
301305
166549
60515
29405
250124
488682
510859
448509
569319
153620
512223
578521
233040
58937
416473
260025
113315
297370
73201
489802
515815
141413
337277
358833
402087
177941
328797
448181
108446
248403
427269
501138
124182
237233
358411
164572
8834
127301
280858
216091
434299
361021
38276
225352
398494
178526
419216
297765
127786
380449
259853
211955
375382
86668
331832
330752
5360
281970
426988
573125
331457
136331
261326
118811
20702
80948
353098
77260
245874
113023
112882
195211
304765
170700
102029
145460
77721
711
202782
283863
196074
343104
455408
151594
117788
321064
277094
74365
442104
108140
458549
110488
86285
488373
127865
391940
265964
244986
359656
490022
571575
296040
176330
545900
444941
470618
408946
61826
567268
87465
535889
442945
484257
43936
237767
442214
84238
9479
383406
284954
75305
291592
182236
371139
255226
327804
479068
328855
408192
367125
146324
11271
269493
233863
80185
218558
240952
92188
544294
389771
521995
529545
141386
466960
319492
32829
414552
154589
219784
148240
53722
202617
535602
336580
451033
449850
315200
187776
144022
339545
139917
402632
404163
53464
169612
22193
500649
70255
350825
222430
3590
84313
558671
147195
575751
325236
548337
452700
41753
285045
417446
452115
91595
226380
149921
283624
11209
254666
479613
431023
233830
544408
265225
576650
108293
71265
115942
129133
436507
118563
490489
421010
193213
477903
463788
165009
242526
464490
400851
349230
347403
65518
401703
157926
505104
252998
421024
47832
24411
26432
423083
316968
311374
204339
157112
507665
43895
334588
502508
496215
489550
503460
43206
255248
442165
304186
161505
282131
230436
292543
134688
16599
507744
218397
401857
539737
457217
279882
446494
206636
101904
95520
72961
77092
239010
497393
358176
143370
14219
353411
12805
517521
396972
21686
3353
274786
290282
284950
153736
25759
25528
216026
72514
117466
521922
329502
261118
310300
92731
39718
244659
171967
469618
360595
574248
151567
258311
548713
153811
307057
354389
23879
152340
326217
91055
574356
71970
316759
449852
422328
175359
231609
459697
324891
14244
213135
408824
192524
59685
563805
251277
550845
265889
570457
243777
283107
167354
327433
520848
575305
428320
256197
215616
159409
302241
575929
210012
328421
436394
171371
244933
135392
346214
192090
495695
484579
101094
113326
209130
276770
64599
10948
551194
50158
285911
437332
307611
305993
262670
565087
275511
253262
10472
181422
443400
334735
308034
416576
353347
565740
35361
62716
27611
360991
357613
147187
403916
118086
262935
139507
444073
233955
257339
346450
228418
157109
406070
165833
250804
270505
288055
556901
271729
168775
92269
240495
305576
511438
334352
267463
130966
250026
307190
175101
435569
353509
358572
528720
243017
107183
282032
417822
161599
78642
197307
498796
189345
471468
242625
564825
77061
73009
453629
293215
510730
149657
514864
245566
194161
314681
31157
420697
318671
459733
491279
294541
80780
228135
508045
382081
259186
24260
574804
322349
576589
47054
340002
37955
308900
195848
26988
383890
378448
76619
10216
58270
458175
165334
301885
492271
358608
271373
349485
264244
545312
121876
76970
113698
514676
407779
247545
264222
49581
59225
303376
236985
349698
220511
7023
321150
97878
382873
171239
298596
375759
566824
8066
132984
357044
173367
398428
134068
522225
551082
401123
127196
60988
367471
405823
22429
253031
289640
524059
488423
86409
312352
6327
408016
32456
130275
18090
1941
319197
452498
359356
219606
380909
73187
367260
15427
98590
20972
181316
416596
524525
32258
158342
142680
518721
392282
571012
160712
260101
338943
321866
491992
46101
482128
114203
365792
184209
249839
26529
343404
410261
577022
564185
241557
330395
225076
10243
60596
153019
30752
237017
445004
317428
33601
550839
31061
499512
522416
477259
88720
298297
339575
345702
450904
367869
63650
156687
293909
68650
77707
502517
307652
139165
62067
514071
291179
554128
253975
289693
405473
501824
287970
344040
443296
28885
131299
349344
203040
33718
402219
178198
533686
514456
231140
94926
15148
1311
316481
73040
125978
300782
456076
72118
320752
155449
149539
402470
222043
269346
334868
560890
562174
545066
456863
348609
340406
272729
81571
574812
357354
33116
174594
195750
255096
275917
215255
451550
570512
347131
295257
444028
321140
196917
170336
139518
206890
509028
362151
418087
534275
71224
555808
137824
342996
276806
520427
61648
323442
149679
55578
317728
347189
386062
129659
570094
453680
10149
135759
266587
235410
132888
323240
272901
176017
258734
498061
81057
180351
177143
304150
556516
486457
511789
218404
114108
82631
302740
556064
190828
37616
372654
484506
310354
566026
391739
170712
436168
33761
356071
45463
432522
50609
456136
389006
124117
205811
225363
241408
154621
336569
300577
379593
351656
253930
268260
36953
479914
461722
158384
382423
295053
410446
369685
73973
412136
462466
547196
13720
466573
12700
98832
119966
551024
261298
519271
539682
234948
155861
61459
35825
196351
562335
357992
322517
74924
396082
449462
544451
545381
579332
228261
431241
303708
250614
479935
136245
100223
328217
557355
215657
395463
317891
487496
102739
1144
2608
106228
240862
22256
409855
523322
487385
218343
239930
433605
400742
102667
119621
345559
306561
138780
249727
228350
155379
297019
21001
12326
256151
210077
133229
547837
283615
262991
451032
393054
133281
360811
512854
404257
1906
479501
189588
274541
223006
180099
520124
335249
497593
546984
57782
31081
413900
525616
231315
354827
493753
39455
279584
138536
101084
143154
422876
181885
171353
358252
36614
381460
2886
252679
151954
353701
358606
410331
350623
14088
49312
320137
12818
269174
125909
286382
528892
28802
373101
335138
146487
97219
434699
467654
220221
342130
36267
74357
367116
422040
174967
156323
73639
129246
34478
411561
540270
470393
393511
555905
377730
96728
144539
556462
504108
362314
51021
544432
511241
349709
495149
202855
24625
186165
412657
423341
421791
185686
418115
226119
530001
139503
377235
405324
301195
305231
577654
177496
147122
24674
337366
340089
5620
426548
258611
271714
21020
198611
263503
529490
468530
350953
64342
334328
290774
517305
75285
383087
237031
356569
489235
24689
168643
215627
153824
437102
285832
228434
356654
246729
105976
241761
213288
36968
576702
479067
126808
365206
549201
52703
273329
295399
110473
522819
460937
105804
275795
55130
380734
168108
283682
226046
82666
304391
297699
538721
297236
183398
150763
173284
5483
503567
572611
27041
271488
443944
461042
528080
167989
79873
103496
28463
243610
575055
202086
370591
558633
409791
443479
334291
342325
504560
454171
93133
257071
29942
336718
303247
413056
109008
529140
556025
299952
264092
495243
193193
96755
365277
317237
153460
231047
531552
363022
251049
74078
416786
466838
106614
213314
571825
325328
314370
348871
524822
195724
570876
243824
408405
512736
540172
261283
137967
310134
341546
140481
422611
314822
260953
267422
81283
206751
152403
181829
19123
381205
250954
140919
444399
104891
137666
121611
175520
331315
428736
571779
168832
294863
221803
82228
484371
498738
505611
436130
57772
38999
421393
259719
12946
377056
60325
538356
466766
85674
231714
375143
2347
215582
33930
37063
469014
396097
179201
111754
332875
575711
365626
77784
340261
491191
121350
543090
96497
572173
294698
78858
490441
112673
348637
564283
289766
39802
496902
168683
426911
327768
35272
462138
522129
20641
452535
340155
205308
207454
76384
445009
201111
523281
344955
277440
567305
399791
128076
409091
154002
330223
254745
217989
223540
535145
429416
104739
247790
172974
97914
516175
368875
416878
104326
444448
218832
9542
266117
316700
568744
407346
351262
375769
476785
496617
429807
478448
491269
567663
223699
362714
388852
239881
199883
33802
237333
22374
312506
485483
530706
523225
131172
86147
327181
3988
421108
273442
333807
542779
330174
526597
152099
206684
330493
131909
281601
429745
457580
573764
86381
381758
127873
168690
427180
513806
46893
511482
236897
431555
106113
330122
252069
60043
185666
116831
83836
398246
580051
321318
190939
274939
17967
319345
252147
325596
89112
279097
456035
56070
498729
51355
163220
581040
181493
550569
94807
247416
216766
445468
402655
336532
369594
234900
277848
100586
296797
89093
57936
43202
430598
81906
66825
190018
276719
276854
8043
50161
205344
57213
271972
44138
336182
544198
117400
460862
50366
322080
160967
193506
555982
265677
210777
34835
250076
506988
216114
294933
408846
208740
65400
330053
531179
450175
284644
332623
429119
244293
364783
304603
276763
457943
55707
502300
532583
345848
13140
157260
471015
559730
325239
339711
474777
277688
14676
397736
184313
67379
201039
249807
143764
566088
373758
139625
99269
250870
329055
377427
810
154254
467038
214213
175600
170640
579925
561180
560439
164485
187349
209040
123975
472054
369321
319221
566993
366383
55984
540922
397522
218223
30038
413892
276801
211676
427154
227652
126538
455355
196971
71011
331084
114515
516633
474062
27777
378087
108484
501094
456949
292493
99046
312958
525666
447520
468852
558759
318241
470095
412764
236677
466656
276076
22593
323592
229949
183973
343383
295194
261485
488977
528984
481212
40924
352758
543608
118911
526312
191616
437564
318204
502112
126659
104221
173163
324286
461644
541018
264846
67018
484281
558142
566331
453216
271359
355116
362166
407644
263098
104893
483285
569526
134071
308964
534975
16240
375321
98949
33924
441012
178181
341621
563323
173400
158326
541950
315795
480210
181436
144703
175745
509766
42685
414588
33444
536720
377195
113979
543600
275450
330611
377949
513359
182258
270740
575997
201301
185656
155364
119169
564448
84561
485954
21531
16875
378611
277932
46950
341341
211173
501982
358983
193623
35725
429741
265280
550055
95880
437494
260901
188173
312826
403170
570848
233888
518273
6783
254172
318967
264737
248468
125351
148931
51504
35741
291898
436014
134459
113606
572089
568117
571185
202827
286247
309152
201664
501864
486070
415420
534318
73830
525589
376557
101249
162998
389244
220289
234040
291257
278715
315660
9465
52305
197863
137583
209989
527899
85826
29563
312233
501022
178847
123612
510035
39760
370462
265353
139973
313134
167479
179954
90712
413349
39357
337342
128691
187286
25539
424432
147371
23025
273446
406601
45148
284355
49194
155245
333058
47125
127407
113736
447993
381476
411934
423894
465595
552222
221927
531366
570307
158786
70868
187574
287560
319275
580706
495348
61219
142269
352173
149320
387109
38259
163775
431266
33044
518025
332407
320396
470932
380252
303603
89254
246342
523735
46492
531868
516931
62127
231568
373395
109561
467746
88335
131208
251754
81474
188865
20450
427714
48451
208754
273317
194536
542630
497878
123262
89158
299850
516026
34039
409862
540795
163385
102577
569849
224781
69498
194414
257136
511472
35807
170193
280702
394535
369840
251314
335767
179650
390213
95753
263462
454414
564240
472266
460053
74114
99162
119299
203636
26026
235203
64440
93579
185906
577073
308251
513016
181711
564301
579663
42855
338766
209544
256276
397705
410107
123842
304590
2782
111076
388893
550134
468420
408041
559055
429606
42418
512375
177925
68912
328757
429241
458821
295394
373683
204014
65604
271580
578337
290828
127775
52543
242539
545491
125870
16961
318346
367201
232503
69286
475482
503015
377456
303219
189239
374896
20410
532983
476151
249184
217131
218305
131678
576993
260110
189770
242484
234986
294437
66883
144056
435098
109895
22696
176257
565429
147823
383197
389280
469427
554950
556039
26992
37456
72575
532062
576385
378096
407626
437485
454810
494194
153985
308524
292923
528667
572001
563793
356011
501565
294330
457087
193287
452380
456658
166043
235176
145140
20175
204311
448535
71550
471945
45792
208055
311408
339978
433883
489100
262162
311337
212633
355182
478835
418984
568717
347754
504790
54160
63939
80385
86234
37367
477040
476934
40988
322353
270202
121226
369567
19546
50945
549626
471382
505657
552221
576030
177258
216954
121219
36262
531860
578861
91998
185591
151911
371587
30947
480818
226821
74080
530047
495533
281066
499598
379241
152914
426428
354254
238881
92230
160498
420610
535278
497733
532505
43961
401092
27859
20601
285743
383893
562504
70527
263393
206922
466530
355863
457292
357881
41404
96183
397467
461839
546091
230617
496509
337390
77174
324381
17587
343650
89248
371132
397636
489407
277718
86221
221515
243970
514283
195179
298629
194097
577520
179699
577718
399452
256589
183342
441129
540097
191874
558798
395621
493398
210597
373500
291742
343154
260443
146965
212575
69839
156497
93992
44372
448368
445334
283333
442197
288610
186280
192953
492236
549098
221846
450129
158700
567657
466136
65884
569274
395904
255770
60350
217893
424485
429433
483187
522616
180067
412830
570545
453424
481185
382011
179186
217546
29377
391269
328654
493307
181208
52756
570066
382207
341070
356916
525180
168175
449675
176945
256309
12153
368066
215982
81274
531137
351808
543740
81812
338558
327726
251531
247317
469293
31536
168141
483165
340623
267815
418736
40675
231142
19441
237853
497009
311561
258774
409050
581670
487338
398419
494217
373730
342807
467988
121232
496404
242291
315740
37655
524333
118051
62510
280766
300103
209253
228335
34831
494329
234277
339290
26221
156776
482728
424683
168356
235268
272082
396224
173069
67077
536167
432461
93875
116326
79906
325015
216716
280850
472364
556838
183218
388740
472034
42972
351401
423023
540890
468125
466694
491856
208748
334529
273633
68749
9983
190115
562139
538735
201659
199946
54683
153270
377496
84964
396838
84273
562242
128072
325781
314837
510636
153909
423275
165803
550333
185221
530002
198622
430691
506011
402083
172010
496926
358796
355210
331326
329613
299836
64619
28239
407687
324488
551986
106567
258414
432727
495124
367074
238749
255546
571366
286774
115270
22226
376065
535993
126744
92553
145101
278627
253408
431464
363468
138189
202128
573341
363169
382261
519759
315790
97492
360126
139004
324823
448113
418315
306249
150646
340535
520199
309514
341354
526987
80720
52497
489542
150354
34120
223660
580388
511345
85647
90862
37719
40187
125814
168865
152657
272242
425117
23315
263212
129784
376381
402233
267932
354070
499700
384981
327979
294549
26768
554598
468161
246999
254449
389753
93686
561619
502670
64684
575469
74211
521709
455735
325126
256013
109778
565002
292537
580953
446813
174421
324893
351210
444644
249418
137301
304093
93314
235278
110530
474499
239811
501549
553149
493202
151521
518163
409066
104879
424337
61181
209299
367259
299688
60387
129072
403404
468778
487349
249720
549924
294957
413538
289866
164552
323646
73568
543347
263008
339890
137230
22757
232073
267321
289033
218106
67470
458282
399078
114240
116074
158412
306688
561624
25907
193380
225060
324018
246423
456950
574077
333134
286302
537289
103380
141102
359851
317565
371157
399595
16056
229084
442926
167126
270672
46927
218454
438878
502321
334416
576187
425964
265781
5115
480770
134206
18783
427980
33793
324713
342958
359098
544117
198788
207668
571182
91617
102349
408838
139429
347885
1667
287920
16823
399147
53539
421360
380828
319655
550246
198793
525682
322302
147054
143379
164200
157942
543065
97936
138961
255069
385485
32984
497010
200335
500057
528582
101479
67749
188858
449705
185262
347171
154095
203252
362340
406121
314436
494552
112720
206058
315111
110593
260604
566385
344067
301575
458397
207611
450111
549715
28307
251897
112272
456392
122511
349017
65962
230673
97561
378768
71582
372669
127296
486846
346207
102116
501289
217822
451234
421542
570643
217186
410574
43960
331229
262407
126204
34246
369036
282027
68128
230522
201702
170398
208516
334600
275206
48548
511031
102256
23793
140188
198518
333537
276552
193954
18559
412222
197322
334511
99511
142718
375282
28253
338872
74820
294962
359996
465545
66507
572993
512320
157923
102746
498436
160290
567208
405004
191101
456545
393971
64948
201873
435451
34356
21979
42849
244209
492974
549496
367398
255554
523754
558835
209200
172509
93333
390190
507889
210980
413918
210736
354616
179965
184241
290332
193332
171422
58796
327805
343255
160703
265971
471654
330495
62347
133013
577940
440313
538249
52435
276596
58268
473500
268856
296858
331133
249838
517510
55947
415798
111819
323116
183890
503535
93724
398157
188009
75726
334059
444953
80821
529524
355796
253006
113801
9836
367872
264365
534633
354268
329551
140691
581233
289870
315555
381870
129568
565699
192707
256250
96056
110934
259535
375357
156652
218114
460326
554168
172088
265330
88802
207995
221562
523978
435260
19247
421564
6709
542338
408571
80522
482545
108606
460675
345644
476341
170706
90754
543082
576684
243418
245946
504158
465369
385863
358293
555898
553867
569363
482954
226162
113001
280437
125552
392511
175484
542643
263493
495051
234396
487555
545678
556246
503149
235787
85298
227852
571237
348058
500179
499789
379402
304387
285462
308399
561468
430417
4592
291201
454916
113442
301708
192554
548936
528076
503311
65307
395775
535010
525124
432947
200764
37291
572907
224278
561152
444409
389112
373482
214998
322197
99293
257940
13258
361930
432891
434214
330177
167189
191724
399780
571168
509988
156192
116722
419344
492198
218836
573932
337147
369208
94092
423588
42371
460373
181888
15745
464312
102076
438550
229150
219201
559865
361334
401561
170129
158601
172506
487876
193405
66217
573357
434222
565312
61488
95999
210542
371939
323470
112845
541343
6811
14683
419442
568148
107862
508749
446014
115071
283942
75375
269915
379180
188482
358903
254838
446113
248622
505809
151655
462011
395311
473952
160844
419550
215652
233915
534751
555535
269254
108598
296884
326832
24223
190760
432624
63587
406772
198043
371470
492510
318778
109095
404828
91868
400599
547607
450728
337528
351127
79920
159972
95100
16038
191758
516174
459644
539140
528230
364571
543521
268122
559388
47667
92257
496348
351439
309031
558794
164683
241373
243213
184707
11677
429614
102837
126203
307842
382715
387543
528018
298540
286785
233926
369202
294397
525695
49988
402575
476054
577712
54111
308139
54671
15302
136651
385701
95358
539920
526957
260040
436073
82709
202981
412248
184794
457734
15140
345635
12490
516988
171665
505099
468966
197812
491492
14873
536939
188693
508954
387761
543895
262529
473125
268654
320045
72156
301631
85501
311143
39911
341457
355370
87933
469777
112568
545721
292103
158647
312524
126238
40729
238860
439774
290584
574424
377091
105520
480368
377183
494218
558137
410590
62543
536708
42463
504862
144179
71244
222625
126967
128093
528566
183260
201706
505234
499134
577850
533042
541279
50556
220607
518242
109666
373374
256906
227675
224989
209782
495489
195911
271604
558673
371654
121162
231863
504125
126733
564684
215132
259434
278661
523096
352703
91942
399476
237340
32646
460208
577928
387087
49673
372233
378711
106772
562602
328
295850
578890
510570
442298
331139
527649
73494
405361
97371
23551
539507
345353
516805
229233
574675
205756
377832
205460
50507
101781
578250
457827
20046
95569
9050
155465
324012
166464
88562
569143
187354
434511
281756
201184
167184
177824
432150
53058
131352
265625
461467
71136
522481
179476
91285
80714
204981
385505
294689
177254
44751
257928
242900
75682
157186
177277
411450
515212
324261
83878
537248
413044
185807
314112
380126
51376
299765
309163
440032
220917
489856
310751
221427
143247
201192
208256
554031
471515
301603
250952
170716
183236
33943
521361
206066
63974
559995
102757
284297
341054
375882
403423
35820
188440
444470
395974
211326
18973
13144
107176
429985
576526
360209
316855
33845
528729
168812
96500
530683
387887
83690
532535
492851
184499
536932
321968
87920
282042
468953
564235
446266
87567
280228
501269
346270
458876
373111
283874
148122
208196
485771
544475
213342
462635
161084
179839
451698
245806
260818
328275
61672
472861
431972
120745
387518
419644
424470
136458
101319
24132
121363
154193
384375
328120
565761
11241
206705
526801
548029
578041
129359
11075
226611
408431
513676
55445
67297
461340
292463
372685
573997
416978
272741
524786
163473
403194
25628
156367
244026
34993
232467
506441
87125
41345
405800
293489
538422
185193
346915
204225
101894
4296
454708
169803
173471
394186
484200
447574
44946
427462
107421
214834
94031
307091
272588
147492
4244
27742
351380
71726
197663
14773
241350
428117
530668
357684
171808
216531
56753
491664
359563
131816
545734
489733
56452
355175
296790
65655
113571
466196
304587
321971
282707
232663
118726
562433
571867
55375
3827
340184
180085
2270
40911
271495
545226
462993
195351
418155
504616
136644
149414
549297
61606
59479
410581
170053
302789
76406
356974
192920
112269
446956
370899
330426
490099
71855
438101
339919
391891
59556
532747
145351
344805
531092
213538
34930
109863
551344
400377
548882
294564
291686
158292
209467
98503
258853
157158
64270
79367
194756
282552
219909
385492
547165
406282
306758
184099
58609
288161
531327
107424
8429
16072
523055
367528
498765
75910
480121
385674
468276
412190
486513
519852
155106
436108
273494
413551
155754
518194
424408
84996
196924
64681
197097
6595
262059
227440
511781
188941
145318
227851
532963
281809
180662
389061
342662
296581
418141
557888
66172
211138
382797
370234
360211
149204
323528
314812
146638
314734
126734
506458
195027
458198
58911
56116
325089
343169
445308
424669
433277
44839
215845
301605
390073
332867
194357
432297
